2323232323232323232323232323232323232323232323232323232323232323
2323232323232323232323232323231011122323232323232323232323232323
2323232323232323232310111223233031322323101112232323232323232323
2323232323232323232330313223232323232323303132232323232323232323
2323232323232323232323232323232323232323232323232323232323232323
2323232323232323232323232323232323232323232323232323232323232323
2323232323232323231011122323231314152323231011122323232323232323
2323232323232323233031322323233334352323233031322323232323232323
2323232323232323232323232323232323232323232323232323232323232323
2323232323232323232323232323232323232323232323232323232323232323
2323232323232323232310111223232323232323101112232323232323232323
2323232323232323232330313223231011122323303132232323232323232323
2323232323232323232323232323233031322323232323232323232323232323
2323232323232323232323232323232323232323232323232323232323232323
2323232323232323232323232323232323232323232323232323232323232323
2323232323232323232323232323232323232323232323232323232323232323
